<class 'sklearn.gaussian_process.kernels.RationalQuadratic'>
Academic license - for non-commercial use only
468.6508432663457	12434.790225983836
463.09748392197235	12147.883485742112
463.09748392197235	12147.883485742112
463.09748392197235	12147.883485742112
463.09748392197235	12147.883485742112
463.09748392197235	12147.883485742112
459.1507827262896	12024.163353549682
459.1507827262896	12024.163353549682
459.1507827262896	12024.163353549682
459.1507827262896	12024.163353549682
457.53263514215917	10831.69099700218
457.53263514215917	10831.69099700218
457.4975171991607	10131.037786854424
457.4975171991607	10131.037786854424
457.4975171991607	10131.037786854424
457.4975171991607	10131.037786854424
454.3125428146362	10224.693279362822
454.3125428146362	10224.693279362822
454.3125428146362	10224.693279362822
454.3125428146362	10224.693279362822
454.3125428146362	10224.693279362822
451.5033133591046	10024.552049838536
450.8658504466464	10065.41071828117
450.8658504466464	10065.41071828117
450.8658504466464	10065.41071828117
450.18342955427886	10350.073937828525
450.18342955427886	10350.073937828525
450.18342955427886	10350.073937828525
450.18342955427886	10350.073937828525
450.18342955427886	10350.073937828525
450.18342955427886	10350.073937828525
449.9694372123832	10458.615391863637
449.9694372123832	10458.615391863637
449.9694372123832	10458.615391863637
449.9694372123832	10458.615391863637
449.9694372123832	10458.615391863637
448.4443563843445	10333.153428356789
448.4443563843445	10333.153428356789
448.37011344234566	10309.047841838985
448.37011344234566	10309.047841838985
448.37011344234566	10309.047841838985
448.37011344234566	10309.047841838985
448.37011344234566	10309.047841838985
448.37011344234566	10309.047841838985
448.37011344234566	10309.047841838985
448.37011344234566	10309.047841838985
448.37011344234566	10309.047841838985
448.37011344234566	10309.047841838985
445.3698663036686	10399.32945498326
441.72463900501054	10142.433184977957
440.9093855520128	10339.544624310167
440.9093855520128	10339.544624310167
440.9093855520128	10339.544624310167
440.9093855520128	10339.544624310167
440.9093855520128	10339.544624310167
440.9093855520128	10339.544624310167
440.9093855520128	10339.544624310167
440.9093855520128	10339.544624310167
440.5417764130182	10239.229125328016
440.5417764130182	10239.229125328016
440.5417764130182	10239.229125328016
440.5417764130182	10239.229125328016
440.5417764130182	10239.229125328016
438.79097152523764	10275.641757533242
430.80163545582417	10476.193763958523
430.1906990759773	10445.661746928123
424.2562819636501	10894.548662799643
424.2562819636501	10894.548662799643
424.2562819636501	10894.548662799643
424.2562819636501	10894.548662799643
424.2562819636501	10894.548662799643
424.2562819636501	10894.548662799643
424.2562819636501	10894.548662799643
424.2562819636501	10894.548662799643
424.2562819636501	10894.548662799643
424.2562819636501	10894.548662799643
423.5836234393928	11202.200003069851
423.5836234393928	11202.200003069851
423.5836234393928	11202.200003069851
423.5836234393928	11202.200003069851
423.5836234393928	11202.200003069851
423.5836234393928	11202.200003069851
423.5836234393928	11202.200003069851
423.3313623628734	11270.375944950165
423.3313623628734	11270.375944950165
423.3313623628734	11270.375944950165
423.3313623628734	11270.375944950165
423.3313623628734	11270.375944950165
423.3313623628734	11270.375944950165
421.50208862951354	11503.023836128317
420.5759021652601	13163.922216426821
420.5759021652601	13163.922216426821
420.5759021652601	13163.922216426821
420.5759021652601	13163.922216426821
420.5759021652601	13163.922216426821
420.5759021652601	13163.922216426821
420.5759021652601	13163.922216426821
420.5759021652601	13163.922216426821
420.5759021652601	13163.922216426821
420.5759021652601	13163.922216426821
