<class 'sklearn.gaussian_process.kernels.RationalQuadratic'>
Academic license - for non-commercial use only
733.1967150098326	7851.608587230631
733.1967150098326	7851.608587230631
733.1967150098326	7851.608587230631
730.4277865924934	7838.939208645373
730.4277865924934	7838.939208645373
726.9887532214159	7803.09717467715
726.9887532214159	7803.09717467715
701.5023809410213	7902.095724329696
686.7020703822932	7587.264820158833
686.7020703822932	7587.264820158833
686.7020703822932	7587.264820158833
683.0683474418937	6518.957348392464
683.0683474418937	6518.957348392464
680.3873859069512	6366.197961915476
680.3873859069512	6366.197961915476
680.3873859069512	6366.197961915476
670.2066064872158	6278.699490931207
670.2066064872158	6278.699490931207
666.2575535663924	6246.839075870513
666.2575535663924	6246.839075870513
666.2575535663924	6246.839075870513
666.2575535663924	6246.839075870513
663.8047904518573	6269.458102805907
663.8047904518573	6269.458102805907
657.273441981721	5824.717930629171
655.1027603074808	5825.032909577102
649.5341726708623	5836.786618209868
649.5341726708623	5836.786618209868
646.8857803641391	6153.68479403567
646.8857803641391	6153.68479403567
646.8857803641391	6153.68479403567
646.8857803641391	6153.68479403567
646.1653574228295	6072.756612814282
646.1653574228295	6072.756612814282
645.9001418431859	5619.642983482945
645.9001418431859	5619.642983482945
645.9001418431859	5619.642983482945
642.9114919452232	5674.308529068861
642.9114919452232	5674.308529068861
642.9114919452232	5674.308529068861
622.9721677505686	5712.142083783274
622.9721677505686	5712.142083783274
620.1637349469602	5992.363182171976
619.7222969594325	5745.108876390693
610.8032646805996	6299.568112659434
610.8032646805996	6299.568112659434
610.8032646805996	6299.568112659434
610.8032646805996	6299.568112659434
610.8032646805996	6299.568112659434
610.8032646805996	6299.568112659434
610.8032646805996	6299.568112659434
610.7150008106541	6272.3206912519745
610.7150008106541	6272.3206912519745
609.7134440773316	6409.579220076991
609.7134440773316	6409.579220076991
609.7134440773316	6409.579220076991
609.7134440773316	6409.579220076991
608.024856795911	6442.327136013541
606.3524876310462	6429.570345228733
594.174299323015	6084.582881952922
594.174299323015	6084.582881952922
594.174299323015	6084.582881952922
593.7889572436255	6400.922718302108
593.7889572436255	6400.922718302108
593.7889572436255	6400.922718302108
593.7889572436255	6400.922718302108
593.0869066797852	6510.518064771298
592.854503904399	5609.510663098576
592.2822797860875	5640.477564996038
592.2822797860875	5640.477564996038
591.4327607715126	5731.71245085045
591.4327607715126	5731.71245085045
588.2200467765448	5682.139716141745
588.2200467765448	5682.139716141745
588.2200467765448	5682.139716141745
588.2200467765448	5682.139716141745
588.2200467765448	5682.139716141745
588.2200467765448	5682.139716141745
588.1273348542198	6015.562017127566
588.1273348542198	6015.562017127566
588.1273348542198	6015.562017127566
588.1273348542198	6015.562017127566
588.1273348542198	6015.562017127566
587.7331826567824	6108.515569134996
587.7331826567824	6108.515569134996
587.7331826567824	6108.515569134996
587.7331826567824	6108.515569134996
587.7331826567824	6108.515569134996
587.7331826567824	6108.515569134996
587.7331826567824	6108.515569134996
587.7331826567824	6108.515569134996
587.7331826567824	6108.515569134996
587.7331826567824	6108.515569134996
584.445007938526	5503.316877794937
584.445007938526	5503.316877794937
584.445007938526	5503.316877794937
584.445007938526	5503.316877794937
584.445007938526	5503.316877794937
584.445007938526	5503.316877794937
583.0988470641196	5485.962906205837
