<class 'sklearn.gaussian_process.kernels.RationalQuadratic'>
Academic license - for non-commercial use only
1689.4277397335472	6519.88857447835
1689.4277397335472	6519.88857447835
1685.7462662653127	6530.406793955444
1685.7462662653127	6530.406793955444
1675.421910198435	6508.786167759203
1675.421910198435	6508.786167759203
1675.421910198435	6508.786167759203
1675.421910198435	6508.786167759203
1664.7604329425442	6500.9051512188635
1664.7604329425442	6500.9051512188635
1664.7604329425442	6500.9051512188635
1664.7604329425442	6500.9051512188635
1664.7604329425442	6500.9051512188635
1662.626864576444	6512.8457629168615
1662.626864576444	6512.8457629168615
1662.626864576444	6512.8457629168615
1660.0852129787213	6467.932877282939
1660.0852129787213	6467.932877282939
1658.8781310757454	6473.129341676838
1658.8781310757454	6473.129341676838
1658.7061705156134	6468.837885078422
1658.7061705156134	6468.837885078422
1658.7061705156134	6468.837885078422
1658.7061705156134	6468.837885078422
1658.7061705156134	6468.837885078422
1632.949496382616	6459.255052734654
1632.949496382616	6459.255052734654
1629.8108214295207	6456.451283138243
1627.7266557074004	6368.429861197533
1627.7266557074004	6368.429861197533
1627.7266557074004	6368.429861197533
1627.7266557074004	6368.429861197533
1627.7266557074004	6368.429861197533
1627.7266557074004	6368.429861197533
1618.8314319158662	6363.512961461402
1618.8314319158662	6363.512961461402
1618.77167495492	6320.636610578231
1618.77167495492	6320.636610578231
1618.77167495492	6320.636610578231
1618.77167495492	6320.636610578231
1617.0711632432033	6382.543745901885
1617.0711632432033	6382.543745901885
1612.7396276698737	6384.589644680653
1612.7396276698737	6384.589644680653
1612.7396276698737	6384.589644680653
1612.6958236134637	6388.731223632984
1612.6958236134637	6388.731223632984
1607.5806600481674	6397.819598481399
1607.5806600481674	6397.819598481399
1607.5806600481674	6397.819598481399
1607.5806600481674	6397.819598481399
1607.5806600481674	6397.819598481399
1607.5806600481674	6397.819598481399
1607.5806600481674	6397.819598481399
1607.4626946998123	6373.102684218235
1607.4626946998123	6373.102684218235
1607.4626946998123	6373.102684218235
1607.4626946998123	6373.102684218235
1603.1983417763174	6392.162258351125
1600.4295599757704	6394.066077038796
1600.4295599757704	6394.066077038796
1598.1007616907948	6408.257742847508
1598.1007616907948	6408.257742847508
1595.9580301612802	6305.720357275944
1595.9580301612802	6305.720357275944
1595.9580301612802	6305.720357275944
1595.9580301612802	6305.720357275944
1590.0163488138066	6308.570681694346
1590.0163488138066	6308.570681694346
1590.0163488138066	6308.570681694346
1590.0163488138066	6308.570681694346
1590.0163488138066	6308.570681694346
1590.0163488138066	6308.570681694346
1587.6326025498774	6323.299018133663
1587.6326025498774	6323.299018133663
1587.6326025498774	6323.299018133663
1587.6326025498774	6323.299018133663
1587.6326025498774	6323.299018133663
1587.6326025498774	6323.299018133663
1575.8837548298823	6152.287310389619
1574.4118568880067	6125.097444170434
1574.4118568880067	6125.097444170434
1572.9951768531903	6116.8762281762865
1572.9951768531903	6116.8762281762865
1572.3886253572866	6074.586763515591
1572.3886253572866	6074.586763515591
1569.7185192040831	5944.779132385216
1569.7185192040831	5944.779132385216
1569.7185192040831	5944.779132385216
1569.7185192040831	5944.779132385216
1569.7185192040831	5944.779132385216
1569.7185192040831	5944.779132385216
1569.7185192040831	5944.779132385216
1569.7185192040831	5944.779132385216
1569.7185192040831	5944.779132385216
1569.7185192040831	5944.779132385216
1569.7185192040831	5944.779132385216
1569.7185192040831	5944.779132385216
1569.7185192040831	5944.779132385216
1569.7185192040831	5944.779132385216
