<class 'sklearn.gaussian_process.kernels.RationalQuadratic'>
Academic license - for non-commercial use only
1633.5954565375046	5044.068673833462
1631.806663154808	5053.6384129021335
1625.1632927891337	5186.768187825937
1625.1632927891337	5186.768187825937
1620.7168827218595	5183.012522483848
1620.7168827218595	5183.012522483848
1617.3670297822034	5116.108925092154
1617.3670297822034	5116.108925092154
1617.3670297822034	5116.108925092154
1605.1147877145825	5020.619890866085
1605.1147877145825	5020.619890866085
1605.1147877145825	5020.619890866085
1599.689168965996	5046.054507885009
1599.689168965996	5046.054507885009
1597.9966961471541	5101.909848705841
1597.9966961471541	5101.909848705841
1597.9966961471541	5101.909848705841
1596.0141518960636	5278.237099741397
1595.1871432178793	5244.4578995840775
1595.1871432178793	5244.4578995840775
1594.950936064843	5226.0789845221225
1578.3589269469244	5234.527152161075
1575.4357162534034	5225.8770958701325
1575.4357162534034	5225.8770958701325
1575.4357162534034	5225.8770958701325
1555.650751544134	5065.105179913788
1555.650751544134	5065.105179913788
1555.650751544134	5065.105179913788
1555.650751544134	5065.105179913788
1553.4375218798446	5057.363084971352
1553.4375218798446	5057.363084971352
1553.4375218798446	5057.363084971352
1553.4375218798446	5057.363084971352
1551.8667709874587	5049.843175946903
1551.8667709874587	5049.843175946903
1551.8667709874587	5049.843175946903
1551.8667709874587	5049.843175946903
1551.8667709874587	5049.843175946903
1550.7044692471982	5002.205421710485
1548.800659574955	4930.092609176014
1548.800659574955	4930.092609176014
1548.800659574955	4930.092609176014
1548.800659574955	4930.092609176014
1548.800659574955	4930.092609176014
1543.6926343068787	4888.074522045117
1543.6926343068787	4888.074522045117
1543.6926343068787	4888.074522045117
1543.6926343068787	4888.074522045117
1539.732237384225	4944.253180527688
1539.732237384225	4944.253180527688
1539.732237384225	4944.253180527688
1539.732237384225	4944.253180527688
1538.5691306100464	5047.559949984566
1535.8173489130154	5070.241302594293
1535.8173489130154	5070.241302594293
1521.8102619015879	5005.362078145896
1521.8102619015879	5005.362078145896
1521.8102619015879	5005.362078145896
1518.1616709266082	4940.703186548116
1518.1616709266082	4940.703186548116
1518.1616709266082	4940.703186548116
1518.1616709266082	4940.703186548116
1514.3612862847529	5358.275007089676
1514.3612862847529	5358.275007089676
1514.3612862847529	5358.275007089676
1514.3612862847529	5358.275007089676
1514.3612862847529	5358.275007089676
1514.3612862847529	5358.275007089676
1514.3612862847529	5358.275007089676
1513.2043636809801	5386.308371328997
1513.2043636809801	5386.308371328997
1513.2043636809801	5386.308371328997
1513.2043636809801	5386.308371328997
1513.2043636809801	5386.308371328997
1510.5335555272272	5313.422995306255
1510.5335555272272	5313.422995306255
1510.5335555272272	5313.422995306255
1510.5335555272272	5313.422995306255
1508.48015881963	5269.73960562307
1508.48015881963	5269.73960562307
1508.48015881963	5269.73960562307
1508.48015881963	5269.73960562307
1508.48015881963	5269.73960562307
1507.913102750961	5257.7309350973055
1507.913102750961	5257.7309350973055
1507.913102750961	5257.7309350973055
1507.913102750961	5257.7309350973055
1507.913102750961	5257.7309350973055
1507.913102750961	5257.7309350973055
1507.913102750961	5257.7309350973055
1507.913102750961	5257.7309350973055
1507.913102750961	5257.7309350973055
1507.913102750961	5257.7309350973055
1507.913102750961	5257.7309350973055
1504.4501021569283	5187.513628385041
1504.4501021569283	5187.513628385041
1504.4501021569283	5187.513628385041
1503.0499335201405	5520.84836971115
1503.0499335201405	5520.84836971115
1503.0499335201405	5520.84836971115
