<class 'sklearn.gaussian_process.kernels.RBF'>
Academic license - for non-commercial use only
505.1628481073277	12714.984118870576
505.1628481073277	12714.984118870576
495.09202826295507	19005.93608540029
493.9400292417343	19230.644553613052
493.9400292417343	19230.644553613052
493.9400292417343	19230.644553613052
491.6813417235493	19490.2503704328
491.6813417235493	19490.2503704328
491.6813417235493	19490.2503704328
491.6813417235493	19490.2503704328
488.8056611804086	19190.956723002597
480.14854302421134	18677.964681183992
479.2045350486217	18712.22855962024
479.2045350486217	18712.22855962024
479.2045350486217	18712.22855962024
479.2045350486217	18712.22855962024
479.2045350486217	18712.22855962024
479.2045350486217	18712.22855962024
479.2045350486217	18712.22855962024
479.2045350486217	18712.22855962024
479.2045350486217	18712.22855962024
476.4975079709578	18515.299732973086
476.4975079709578	18515.299732973086
476.4975079709578	18515.299732973086
468.65552615525263	18523.23892989569
468.65552615525263	18523.23892989569
463.8083038672696	15485.895412008871
463.8083038672696	15485.895412008871
463.8083038672696	15485.895412008871
463.8083038672696	15485.895412008871
462.5829344416469	16223.177158496232
458.6895614766154	17678.08741355889
431.52535987707904	15312.015716457236
431.52535987707904	15312.015716457236
429.94918109401107	15491.372458011989
429.94918109401107	15491.372458011989
429.94918109401107	15491.372458011989
429.94918109401107	15491.372458011989
429.94918109401107	15491.372458011989
429.94918109401107	15491.372458011989
429.94918109401107	15491.372458011989
428.1694459981118	13733.627176946971
428.1694459981118	13733.627176946971
428.1694459981118	13733.627176946971
428.1694459981118	13733.627176946971
427.11902447743574	13738.453505597288
427.11902447743574	13738.453505597288
427.11902447743574	13738.453505597288
427.11902447743574	13738.453505597288
427.11902447743574	13738.453505597288
427.11902447743574	13738.453505597288
427.11902447743574	13738.453505597288
427.11902447743574	13738.453505597288
427.11902447743574	13738.453505597288
427.11902447743574	13738.453505597288
426.9063917181031	14012.540343019684
426.9063917181031	14012.540343019684
426.9063917181031	14012.540343019684
426.9063917181031	14012.540343019684
425.25127620764704	14124.2231603938
425.25127620764704	14124.2231603938
425.25127620764704	14124.2231603938
425.25127620764704	14124.2231603938
419.0948670951081	14182.77455240395
419.0948670951081	14182.77455240395
415.3229827502857	9790.59685430008
415.3229827502857	9790.59685430008
415.3229827502857	9790.59685430008
410.4984434141032	11618.803645884602
410.4984434141032	11618.803645884602
410.4984434141032	11618.803645884602
410.4984434141032	11618.803645884602
410.4984434141032	11618.803645884602
409.04106458058067	11203.212408500742
409.04106458058067	11203.212408500742
409.04106458058067	11203.212408500742
409.04106458058067	11203.212408500742
409.04106458058067	11203.212408500742
409.04106458058067	11203.212408500742
409.04106458058067	11203.212408500742
409.04106458058067	11203.212408500742
409.04106458058067	11203.212408500742
409.04106458058067	11203.212408500742
409.04106458058067	11203.212408500742
409.04106458058067	11203.212408500742
409.04106458058067	11203.212408500742
408.6113607021394	11671.78871615489
408.13905646589717	12440.427815271894
408.13905646589717	12440.427815271894
408.13905646589717	12440.427815271894
408.13905646589717	12440.427815271894
406.7032830956583	12523.351961830662
406.7032830956583	12523.351961830662
406.6408655847834	12622.806087949104
406.6408655847834	12622.806087949104
406.6408655847834	12622.806087949104
406.6408655847834	12622.806087949104
406.6408655847834	12622.806087949104
406.6408655847834	12622.806087949104
406.6408655847834	12622.806087949104
